1 75 114.18, 189 110.90, 146 115.11, 104 108.56, 187 109.01, 10 107.72, 127 114.67, 71 113.25, 81 112.09
2 21 147.91, 56 144.06, 177 147.95, 25 141.45, 153 144.57, 26 147.56
3 139 300.67, 40 302.44, 198 304.69, 101 297.45, 164 296.36, 76 300.16, 6 298.33, 88 299.12, 68 298.13, 35 304.15
4 4 332.46, 156 332.21, 40 333.27
5 102 56.61, 59 63.57, 53 64.60, 61 61.61, 118 56.85, 30 59.27
6 42 80.72, 29 79.63, 139 84.22
7 132 133.45, 127 133.30
8 50 352.94, 142 352.93, 64 351.48, 163 353.38, 186 345.89, 105 351.02, 137 353.49, 18 351.84
9 179 300.71, 113 308.47, 162 305.91
10 73 212.14, 27 207.39, 180 214.35, 30 212.84, 88 214.58, 147 215.50, 66 206.27
11 59 153.58, 29 154.02, 2 155.59, 65 153.43, 167 153.45, 73 154.64
12 149 268.93, 130 263.68, 13 269.63, 179 268.82, 122 264.81, 104 269.80
13 63 290.35, 62 283.87, 167 284.59, 95 287.16, 71 286.88
14 78 222.54, 144 224.01, 98 223.45, 151 221.65, 30 215.16, 172 222.65, 14 223.63, 113 214.57, 19 219.43, 149 221.77
15 180 54.18
16 164 185.83, 132 182.72, 140 186.00, 196 186.37, 21 183.61, 93 184.82, 85 188.22, 7 184.27, 67 181.32
17 200 186.18, 179 192.82, 187 188.83, 155 193.96
18 18 220.90, 110 219.77, 170 222.58, 91 219.13, 150 217.41, 138 217.73, 178 216.83, 166 219.78
19 31 275.98, 160 275.83, 30 277.65, 65 268.71, 189 276.56
20 108 162.07, 151 163.99, 19 164.38, 173 167.06
21 55 376.30, 186 377.33, 24 373.70, 166 376.09, 148 376.45, 118 373.60, 155 376.70
22 12 170.39, 6 169.79
23 184 192.05, 46 188.98, 171 187.31, 16 191.26, 194 182.81
24 55 293.98, 100 298.45, 112 292.62
25 68 195.12, 133 194.33, 82 199.40, 19 197.29, 171 195.39, 20 191.39, 49 195.05
26 86 147.28, 103 151.14, 17 148.73, 81 148.15, 88 150.65, 44 150.53, 68 145.99, 166 153.65, 36 147.90
27 30 340.03, 180 334.00, 1 335.32
28 21 174.19, 141 170.11, 165 170.14, 166 167.00, 113 168.83, 65 166.82, 79 167.12, 120 170.97
29 3 67.93
30 110 288.58, 45 294.04, 139 295.28, 2 291.50, 99 290.16, 186 293.71
31 179 378.81, 44 377.36, 100 377.09, 200 378.80, 170 373.36, 35 376.67, 41 380.10
32 72 134.97, 102 140.36
33 77 135.33, 161 142.55, 25 138.08, 97 135.50, 174 136.05
34 30 290.20, 10 291.39, 151 287.29, 188 295.20, 62 296.22, 178 288.54, 153 288.84, 34 289.39, 163 289.03, 69 290.63
35 108 118.68, 79 109.95, 6 115.74, 118 111.41, 116 118.30, 113 119.63, 133 111.68
36 24 127.14, 169 128.45
37 147 395.71
38 54 269.03, 186 269.51, 117 271.71, 180 264.00, 58 266.51, 93 265.11, 80 270.18, 134 269.15
39 147 176.12, 63 181.82, 68 179.30
40 82 358.01, 156 357.89, 9 356.07
41 54 389.63, 144 394.39, 154 394.57, 162 397.57
42 119 154.90, 98 157.25
43 32 255.28, 137 256.43, 76 255.49, 26 263.29, 35 258.88, 12 262.23, 48 261.83, 190 261.23, 115 255.61, 80 258.86
44 178 279.21, 120 271.72, 33 273.86, 176 270.89, 67 270.96
45 76 65.97, 71 65.80, 52 59.62, 181 56.38, 62 62.51, 158 60.17, 42 59.30, 144 61.99, 117 59.04
46 50 143.55
47 57 297.37, 151 293.29, 1 292.97, 27 296.21, 150 301.36
48 168 390.04, 150 382.59
49 43 381.10, 34 376.73, 31 378.97, 114 377.25, 107 374.04, 77 372.34, 186 378.13
50 194 178.40, 118 173.57, 55 175.73, 122 177.99, 115 175.30, 28 171.45, 116 176.99
51 57 258.47, 42 257.75, 78 258.93, 71 259.40, 2 256.33, 22 258.29, 68 252.24, 24 254.17, 176 254.95, 194 261.05
52 112 145.54, 20 138.13, 42 139.52, 195 146.89, 100 141.59, 120 138.39, 1 145.58, 119 146.65, 24 138.92
53 66 106.96
54 40 133.96, 17 138.12, 122 140.68, 39 132.76
55 185 328.83
56 151 204.84, 8 209.99
57 113 300.96, 194 303.25, 82 307.42, 69 299.33, 31 300.21, 105 306.27, 123 300.01, 121 298.56, 149 305.63, 25 307.04
58 121 301.42, 112 305.49, 143 308.25, 145 302.31, 136 308.69
59 159 93.78, 147 93.86, 78 97.10, 137 98.80, 163 94.18, 100 94.42
60 197 61.90, 11 69.00, 9 67.24
61 133 304.03, 26 299.91, 166 307.76, 120 304.14, 140 307.43, 11 305.44, 170 305.39
62 119 83.69, 64 82.34, 46 87.41, 163 83.17, 84 85.89
63 198 133.45, 184 134.06
64 3 217.15, 167 218.47
65 71 67.34, 79 64.40, 88 59.26, 197 64.12, 183 63.95, 181 59.58, 153 61.69, 83 59.34
66 69 118.76, 17 116.14, 3 117.74, 162 113.06, 180 110.75
67 140 171.16, 57 174.69
68 171 385.13
69 93 97.12, 139 104.43
70 96 230.87, 85 227.30, 23 227.96, 76 224.88
71 102 352.96, 199 355.60, 18 359.52, 75 353.79, 23 358.80
72 144 221.43, 156 222.58
73 97 277.47, 120 276.29, 102 273.99, 142 282.40, 36 274.96, 15 279.70
74 30 71.68, 120 78.60
75 33 337.00, 128 336.80, 183 341.85, 42 339.97, 112 339.47, 123 342.01, 129 337.63, 95 344.93, 6 345.49, 67 344.57
76 69 337.98, 160 339.95
77 139 383.69, 13 390.73, 18 392.88, 60 392.21, 94 384.55, 168 383.78, 131 385.05, 145 391.71, 198 387.75, 118 391.36
78 93 150.13, 28 144.38, 68 150.78, 109 146.77, 34 150.67, 106 141.28, 15 142.72, 89 143.04
79 164 113.81, 57 118.11, 190 121.97, 19 114.38, 37 116.56, 180 120.86, 143 113.89, 116 117.44, 79 120.44, 181 113.70
80 23 327.52, 42 327.00
81 72 206.73, 69 209.78, 151 209.87, 142 204.35, 174 203.81, 90 202.73, 134 203.41, 191 205.14
82 163 311.60, 80 320.13, 141 313.92, 13 317.57
83 112 367.01
84 167 119.73, 49 120.35, 63 118.08, 75 116.65, 99 122.17, 15 117.99, 189 123.09, 150 113.75, 170 116.72
85 148 139.32, 37 141.83, 90 143.13, 139 140.29, 147 136.31
86 94 377.91, 90 382.40, 87 382.88, 96 380.30, 37 376.59, 65 378.16, 6 376.47
87 192 377.16, 11 372.00, 6 375.37, 43 378.13, 196 375.36
88 30 293.48, 45 296.28, 92 295.44, 36 291.79
89 11 69.17, 178 69.30, 44 78.65, 191 70.12, 38 69.45, 132 78.28
90 3 255.21, 169 261.74, 73 253.22, 110 258.13, 152 252.60, 82 252.36, 136 254.32
91 151 272.41, 67 271.90, 80 268.42, 79 272.84, 47 273.86, 186 276.05, 114 269.96, 192 277.01, 159 270.94
92 100 249.40, 47 249.11
93 79 354.58, 134 353.87, 172 346.67, 10 349.52, 121 348.17, 74 355.09, 156 346.57, 2 354.88, 14 354.34, 190 346.02
94 166 157.26, 179 159.89, 30 162.70, 104 163.28, 128 164.12, 86 157.21, 115 166.23, 33 159.66, 89 157.71
95 61 153.82, 200 150.98, 127 158.26, 111 160.80, 180 153.22, 11 159.07, 106 159.05, 133 155.70, 158 157.16
96 183 347.09, 73 349.11, 67 349.37, 59 351.93, 119 346.08
97 133 110.06, 182 106.01, 38 112.38, 164 106.91, 150 113.49
98 64 227.56, 188 229.68, 31 225.89, 196 221.35, 19 229.88, 25 228.26, 178 228.42, 76 225.49
99 102 260.89, 129 264.17, 185 262.84, 53 260.21, 70 262.96, 167 264.79
100 53 178.83, 198 181.71, 165 181.02, 129 176.15
101 114 309.21
102 96 85.85, 116 86.75, 19 82.47, 73 78.68, 45 80.57, 133 79.02, 25 78.79
103 95 147.68, 64 152.09
104 185 212.72, 157 212.78, 49 215.75, 130 211.98, 162 210.51, 158 215.19, 141 214.87, 170 210.71, 90 217.60, 68 211.04
105 124 188.92, 144 191.21, 119 194.47, 107 190.98, 33 190.46, 70 191.71
106 132 142.72
107 173 127.09, 116 124.45, 22 124.09, 188 124.36, 139 123.73, 27 126.64, 113 119.11, 77 126.38, 100 121.17, 152 126.96
108 190 167.42, 53 158.33, 178 167.56
109 39 148.51, 135 148.79, 85 156.83
110 127 374.83, 195 374.93, 65 370.72, 192 378.06, 13 373.12, 173 377.25, 168 373.92, 75 376.68, 40 379.10
111 178 358.31, 110 363.08, 197 354.29, 149 356.14
112 126 188.28, 131 193.26, 98 189.84, 69 195.55, 121 186.55, 132 190.80, 70 186.10, 31 190.86
113 168 76.20, 178 75.36
114 127 350.38, 101 352.61, 139 348.93, 19 352.10, 148 350.01, 77 350.88, 47 348.84, 16 351.53, 159 354.77
115 29 381.22, 18 378.99
116 112 370.30, 160 370.31, 14 372.78, 197 375.45, 109 369.41, 89 376.72, 63 372.55, 90 372.27, 72 373.02
117 102 139.21, 123 132.61, 78 135.77, 105 136.51, 56 132.38, 11 140.98, 79 139.99
118 158 205.36, 185 206.50, 134 205.16, 101 200.95, 5 201.06, 73 204.59, 129 203.25
119 26 85.20, 113 81.22, 163 81.60, 172 90.36, 180 84.11, 154 80.57, 89 90.11, 92 88.70, 195 87.79
120 168 275.86, 190 276.71, 115 271.84, 200 271.90
121 128 223.51
122 25 122.83, 16 118.58
123 54 217.68, 105 220.52, 114 215.71, 102 214.54, 191 215.77
124 129 392.68, 152 394.98, 90 386.58, 6 387.88
125 42 307.45, 162 310.98, 1 305.42, 118 305.32, 15 307.70, 187 306.63, 200 303.38
126 144 155.70, 22 154.13
127 55 149.34, 22 149.49, 74 149.09, 88 144.23, 26 147.50, 172 148.35, 148 145.64
128 14 197.43
129 59 356.39, 35 353.50, 34 349.29, 160 352.72, 78 349.34, 99 353.65, 72 358.28, 31 356.21, 147 353.39, 38 350.53
130 6 90.84, 54 94.95, 36 92.37
131 190 370.75
132 108 359.29, 96 366.82, 4 362.23, 166 364.25
133 157 154.58, 64 157.40, 121 158.20, 28 152.94, 166 159.14, 106 160.49, 122 155.50, 62 152.09
134 60 70.04, 127 71.37, 135 71.28, 148 70.60, 98 62.17, 195 70.09, 68 65.78, 137 65.18
135 37 154.95, 94 148.65
136 78 298.92, 126 302.40, 50 297.77, 11 302.53, 67 296.82, 41 294.61, 33 302.22, 165 296.63
137 110 230.86, 21 228.02, 117 232.63, 3 229.61, 82 228.37, 155 235.26, 190 228.79, 166 235.22, 162 234.73, 2 230.70
138 85 214.21, 99 212.68, 171 216.03, 46 211.90, 8 212.44, 10 213.20, 127 218.99
139 113 327.07
140 20 102.45, 168 97.15, 177 103.31, 14 101.69
141 70 383.83, 81 378.27, 196 376.12
142 70 367.42, 76 365.45, 63 366.52, 104 366.41, 178 366.34, 48 362.81, 149 365.18, 191 367.42, 174 362.71
143 191 164.44, 163 171.35, 173 170.73, 113 164.39, 177 171.03, 39 164.32, 38 169.18, 158 172.18
144 158 168.71, 145 177.32
145 190 162.94, 192 166.76
146 139 256.78, 112 252.06, 68 251.20, 77 253.97, 196 255.46, 178 256.11, 93 247.79
147 48 358.47
148 18 337.26, 28 331.91, 192 333.07, 77 335.20, 138 331.93, 186 330.36, 178 333.10
149 31 373.28, 200 373.79, 194 367.85, 147 373.26, 188 369.36, 143 370.45, 182 373.73, 139 371.10, 99 371.54
150 106 314.24, 6 311.98, 86 309.15, 179 310.62, 145 312.89, 54 315.24, 162 309.75, 122 317.61, 61 317.89
151 147 247.09, 50 245.80, 101 248.86, 134 246.82, 109 250.02, 145 251.45
152 137 193.69, 146 190.16
153 74 235.73, 179 232.91, 43 236.07
154 150 123.68, 12 115.93, 65 116.96, 105 117.97, 17 117.41, 121 118.63, 82 119.78, 167 122.04
155 31 366.41
156 176 249.04, 115 252.78, 90 251.47, 147 251.39
157 34 114.08, 192 108.32, 79 105.08, 2 109.11, 163 105.63
158 22 382.51, 161 381.55, 29 383.43, 116 381.18, 199 387.90, 65 385.02, 198 382.10
159 103 160.22, 191 156.89, 141 154.83, 157 157.86, 39 161.40, 63 162.63
160 41 259.38, 153 257.60
161 32 264.85, 162 266.90, 73 271.34, 145 270.98, 69 265.21, 142 267.75, 196 274.22, 54 270.50
162 164 283.05, 140 288.45, 144 287.42, 13 288.20, 134 285.28, 149 287.04, 37 289.65, 156 283.30
163 16 58.15, 179 64.24, 140 61.17, 154 64.69, 18 62.12, 105 62.57, 116 57.88, 122 59.94
164 22 379.63, 171 378.69, 91 385.19, 132 384.52, 144 381.96, 89 382.02, 128 386.96, 20 383.79, 83 386.60, 62 382.48
165 102 191.18, 11 191.88, 142 189.47, 32 191.52, 72 185.81, 182 191.92, 160 186.57, 104 191.77, 19 189.56
166 56 186.56, 76 185.20, 108 186.53, 134 185.84, 179 193.17
167 29 295.66, 75 289.53
168 171 349.95, 115 351.09, 82 353.34, 39 354.12, 122 346.55, 30 353.89, 123 348.29, 11 346.12, 5 344.95
169 176 75.99, 156 73.24, 136 80.38, 53 78.80, 134 77.70, 18 81.69, 54 74.70
170 55 82.54, 114 75.40, 144 82.54, 103 83.13, 189 79.06, 197 81.26
171 188 238.15, 114 233.81, 7 233.38, 167 236.98, 159 232.72, 191 235.29, 123 229.88, 151 228.64
172 16 162.83, 182 172.39, 103 164.74, 162 167.99, 36 170.33, 121 166.39, 66 163.15
173 125 198.90, 4 198.70, 156 193.18, 2 200.54
174 76 259.68
175 195 205.54, 199 206.63, 37 210.79, 170 212.90, 40 210.95, 26 213.05, 155 207.42
176 40 367.42, 68 371.61, 166 374.50, 9 369.79, 12 374.00, 60 366.63, 178 368.51, 66 372.86
177 104 198.80, 50 203.44, 178 200.80, 25 203.55, 180 197.69, 77 199.99, 60 198.44, 195 203.32, 41 200.64, 198 201.14
178 156 302.02
179 78 347.89, 112 340.10, 6 342.82, 24 347.90, 161 345.43, 76 343.56, 51 346.05, 122 339.41
180 133 313.25, 135 320.07, 35 317.98, 5 314.31, 194 312.20, 189 320.51, 2 319.93, 152 316.53
181 14 173.81, 37 173.40, 144 181.03, 118 177.79
182 6 358.63, 61 352.77, 89 352.93
183 18 167.92, 77 174.23
184 55 362.20, 63 363.97, 150 362.77, 29 363.10, 87 361.44
185 179 330.15, 167 325.74
186 184 144.41, 49 145.24, 7 141.04, 91 140.79, 89 142.13, 43 140.17, 131 148.58, 8 143.91, 127 146.82, 152 142.24
187 134 148.04, 57 157.34
188 75 149.76, 50 145.32, 29 141.11, 68 142.32, 42 150.12, 57 148.31, 72 145.77, 103 145.79, 98 149.29, 185 143.89
189 122 205.65, 156 202.54, 177 208.84, 169 207.19, 21 205.17, 23 205.04
190 166 254.74, 194 255.29, 62 250.48, 117 252.98, 143 249.35, 25 249.30, 110 248.89, 64 251.78, 48 251.84
191 19 329.45, 27 331.43, 26 330.46, 147 336.16, 20 334.70, 60 328.48, 102 334.05
192 160 247.35, 163 248.29, 67 242.36, 147 245.07, 90 247.04
193 183 304.32, 68 297.47, 22 300.44, 29 305.71, 34 297.79
194 145 134.83, 33 127.92, 192 127.22, 159 127.88, 49 134.69, 162 129.00
195 121 136.43, 62 131.63, 84 133.81, 12 138.61, 161 135.89
196 119 105.65, 75 112.04, 87 104.62
197 82 156.76, 169 160.85, 194 162.05, 141 164.16, 116 161.52, 24 154.96
198 8 339.92, 72 334.45, 46 339.35
199 54 133.41, 198 139.26, 153 138.51, 150 132.72, 100 130.00, 59 131.34, 104 136.69
200 19 96.32, 171 93.96, 53 95.76, 102 97.10, 188 91.45, 124 91.76, 7 89.50, 5 90.00, 88 91.27
201 77 277.99, 31 281.90, 148 282.48, 34 281.39
202 53 264.76, 29 266.15, 150 271.23, 136 265.76, 12 264.08, 85 268.19, 55 271.21, 184 264.70, 135 268.54
203 96 101.70, 133 101.98, 183 101.26
204 153 152.57, 7 153.71, 60 151.64, 99 155.85, 75 150.20, 127 155.91, 100 147.09, 77 150.35
205 164 271.06, 15 266.37, 162 265.64, 14 265.36, 85 265.81
206 113 97.70, 96 97.71, 31 94.10, 26 94.59, 146 91.08
207 106 299.77, 109 307.56, 52 299.51, 173 302.68, 54 299.41, 137 300.32, 29 307.32, 75 304.82, 164 303.14
208 46 391.30, 26 394.93, 163 387.23, 42 388.45, 112 389.98, 68 396.51, 177 393.96, 134 396.57, 38 393.84
209 89 302.20, 131 299.73, 116 295.78, 182 303.12, 102 300.74, 149 297.98, 10 298.83
210 76 246.68, 20 238.58, 134 240.39, 6 244.92, 96 240.26, 60 242.48, 71 245.83, 197 241.99, 185 243.92
211 69 58.49, 127 58.17, 145 59.44, 119 60.22, 165 60.50, 170 59.17, 47 58.78, 6 60.36
212 97 262.54, 52 266.20, 96 262.29, 61 264.20, 162 263.48, 91 263.23, 161 266.29, 18 258.80
213 181 98.06, 154 101.32
214 17 340.71, 51 347.96, 94 344.58, 169 344.00, 62 339.58
215 130 261.52, 139 258.70, 24 254.15, 161 257.81, 191 257.28, 70 254.56, 89 261.82, 189 252.73, 151 252.72, 44 257.12
216 192 70.87, 13 70.43, 51 68.17
217 130 97.76, 172 104.06, 39 100.26, 69 98.54, 179 98.82, 66 97.05, 110 101.83, 157 105.43, 104 100.79, 132 104.19
218 73 370.98, 191 378.10, 63 374.23
219 186 372.54, 90 379.03, 40 374.88, 171 378.33
220 98 253.94, 11 259.19, 200 262.72, 14 254.66, 29 260.50, 181 261.34, 15 259.60, 78 262.32
221 36 387.03, 159 392.52, 184 395.62
222 76 396.88
223 172 363.35, 35 362.46, 197 366.70
224 181 293.94, 55 298.97, 145 299.57, 192 295.35, 185 290.48, 76 298.70, 183 299.99, 170 291.36, 125 298.50, 100 297.80
225 123 271.19
226 100 274.07, 193 273.99, 106 266.48, 5 272.00, 94 266.36, 33 272.67, 162 269.81
227 161 101.12, 83 95.49
228 12 265.88, 193 266.64, 164 272.30, 112 264.25, 20 269.55, 8 265.00, 46 265.46, 33 268.32
229 52 307.91, 50 307.13
230 161 165.23, 107 169.94, 199 166.60, 82 171.88, 16 164.52, 100 165.27, 158 171.34
231 196 247.70, 79 240.60, 38 244.01
232 89 192.82, 194 186.34, 197 186.65, 141 193.22, 137 193.86
233 132 66.85, 79 64.14, 23 63.54, 160 62.29, 189 63.39, 100 58.98, 127 67.43
234 128 372.16, 34 374.07
235 84 278.48, 83 281.87, 75 280.70, 127 275.28, 153 278.70
236 95 279.95
237 28 346.28, 127 340.35, 55 339.66, 137 342.35, 171 339.95, 167 346.98, 30 339.78
238 122 289.54, 173 294.91, 188 294.23, 73 293.37, 180 288.34, 37 293.32, 134 288.41, 20 293.18, 104 297.47, 117 291.63
239 162 318.16, 136 316.60, 90 319.68, 25 320.41, 28 317.37, 173 320.89, 52 323.35, 70 317.24, 198 323.47, 36 322.25
240 21 345.73
241 170 180.54, 175 180.30, 200 181.24, 42 181.78
242 75 164.88, 22 171.39, 169 166.98, 35 173.35
243 127 126.71, 191 126.95, 162 126.71, 142 131.43, 69 130.60, 166 133.09, 4 125.60, 184 133.51, 115 127.07
244 126 95.67, 155 88.07, 177 90.89, 35 97.48, 80 96.47
245 51 305.25, 4 310.75, 113 310.82, 6 312.03, 19 306.36, 194 304.35, 26 308.86, 74 306.40
246 146 130.61
247 135 181.20, 18 181.40
248 11 190.33
249 103 188.31, 43 191.00, 168 193.13, 114 190.03
250 125 200.94
251 167 321.57, 100 327.60, 155 324.66
252 109 73.18, 124 73.28, 63 74.35, 85 71.59, 74 68.11, 19 68.68, 83 73.46
253 197 115.07, 75 112.27, 174 109.13, 7 111.38
254 175 197.66, 74 197.78, 98 196.57
255 153 129.37
256 83 143.38, 118 137.30, 114 135.52
257 118 333.69, 82 340.45, 89 335.99
258 24 223.08, 166 219.58, 139 222.35, 187 221.50, 20 217.37, 47 220.63, 93 219.69, 85 219.72
259 175 96.70, 38 98.00, 35 97.94
260 146 389.13
261 10 252.56, 118 255.18
262 161 353.21, 33 346.08, 101 354.63, 111 347.89
263 121 136.71, 11 136.09, 12 139.78
264 140 218.15, 73 208.72
265 1 154.47, 39 151.35, 72 157.50, 26 157.88, 7 151.51, 78 155.26, 11 156.53, 198 156.95, 183 149.91
266 116 389.64, 11 390.55, 13 390.69, 9 392.68
267 144 238.92, 168 241.76, 1 237.93, 18 238.01, 141 245.50
268 115 296.69, 36 301.21, 25 298.40, 175 299.41, 64 296.34, 98 300.79, 67 296.21, 85 298.82
269 89 261.18, 28 264.41, 151 257.34, 194 259.80, 176 265.62, 64 258.52, 173 261.31, 200 261.98
270 169 278.82, 45 272.66, 114 271.15
271 63 207.42, 31 208.86, 136 213.04, 187 215.71, 95 214.24
272 3 292.99, 39 292.71, 198 295.60, 161 293.25, 55 294.05, 62 293.72
273 152 146.13
274 157 195.97, 65 201.52, 119 198.22, 128 197.77, 89 194.30, 13 201.15, 115 195.12, 70 202.05
275 197 72.39, 53 75.28, 177 74.48, 76 76.50, 146 70.39
276 140 95.43, 145 97.70, 32 97.45, 157 94.10, 131 97.82
277 9 179.10, 67 183.59, 147 180.05, 179 187.01, 42 180.55, 82 186.73, 170 177.79, 17 184.76, 14 181.53, 36 178.43
278 32 240.55, 145 238.30, 52 237.86, 119 240.42, 94 239.02, 118 233.17, 35 232.26, 106 240.54
279 42 113.77, 15 112.92, 80 108.34, 17 116.34, 40 115.11, 4 112.88
280 169 378.08, 64 382.85, 191 375.35, 190 377.54
281 58 100.67, 35 96.84, 156 99.92, 55 95.95, 95 99.23, 187 104.06, 130 96.50, 184 97.17, 110 99.76, 59 98.88
282 32 360.45, 133 367.18, 107 360.07, 168 357.96, 3 364.70, 5 358.87, 6 365.17, 164 365.50, 35 364.20
283 26 148.31, 71 148.74, 89 148.81, 85 150.70, 1 151.27, 97 148.71
284 173 275.25, 48 277.18, 180 282.67, 85 276.17, 20 280.34, 130 279.18, 127 273.81, 153 279.95, 170 277.47, 56 281.27
285 97 123.32, 139 131.40, 13 124.96, 115 129.28, 11 131.96
286 81 310.25
287 135 92.63, 126 96.66, 112 96.86, 73 92.00, 87 92.24, 176 96.01, 81 94.90
288 188 56.12, 6 60.96, 15 52.07, 22 60.76, 158 57.44, 127 55.70, 173 60.09, 36 52.68, 54 53.82, 137 53.96
289 30 166.22, 46 164.24, 148 166.05, 24 165.56, 34 167.02
290 24 382.01, 117 382.86, 132 388.26, 112 388.65, 29 386.20, 90 384.57, 104 382.55
291 51 374.29, 32 372.94, 175 371.90, 48 375.14, 162 373.50, 85 371.37, 105 369.70
292 191 358.76, 137 359.40, 55 356.71, 25 361.80
293 97 107.21, 62 110.86, 28 108.13, 167 109.60, 159 103.66, 64 107.27
294 158 200.54, 197 199.12, 54 198.39, 30 197.70, 188 198.14, 171 194.35
295 48 304.35, 107 302.16, 99 303.23, 136 306.27, 184 301.81
296 12 230.16, 79 236.77
297 128 201.87, 187 207.32
298 198 157.33, 37 153.12, 46 154.75, 43 159.29, 160 153.55, 50 157.33, 143 153.75, 3 153.38, 38 154.10, 140 153.31
299 61 388.59, 44 393.41, 130 391.12
300 106 364.31, 110 365.05, 130 361.03, 147 361.19, 10 357.86, 52 356.54, 145 359.27, 87 364.45, 117 356.08
301 79 263.05
302 57 357.85, 157 355.14, 103 353.19, 37 353.29, 17 353.39
303 181 157.76, 141 153.87, 11 157.05, 145 150.76, 105 155.18, 44 158.00, 34 155.94, 78 157.15, 64 156.03, 111 154.82
304 84 240.23, 49 241.85, 115 235.80, 180 241.40, 118 236.53, 45 233.48, 39 236.68, 60 242.26, 37 235.19
305 169 369.00, 111 368.62, 85 376.98, 96 369.01, 156 373.32, 100 369.11
306 194 222.71, 50 224.24
307 154 270.76, 167 265.36, 69 269.42, 65 268.55, 27 272.80, 40 272.75, 155 269.78, 151 269.31, 16 272.62
308 199 304.70
309 107 320.61, 166 317.34, 189 320.23, 128 315.62, 160 315.31, 120 323.04
310 7 266.21, 23 266.87, 11 263.22, 99 264.66, 174 271.37, 33 267.82
311 43 153.10, 165 146.35, 153 148.80, 200 144.45, 151 153.30, 26 148.98, 105 145.37, 89 145.21, 10 149.28, 21 144.34
312 199 79.65, 72 85.15, 93 79.77, 159 82.39, 18 77.24, 111 82.40, 105 84.24
313 95 143.61, 174 146.89, 26 143.66, 61 141.88, 181 144.70
314 43 301.77, 64 303.28
315 184 250.89, 66 247.85
316 149 220.57, 92 218.92, 18 218.73, 63 226.88, 159 227.12, 1 223.47, 164 222.43
317 125 259.16, 169 251.06
318 53 150.42, 96 148.47, 35 152.45, 49 144.44, 34 146.64, 148 152.87, 10 145.82
319 90 228.06, 35 228.96, 77 228.46, 106 226.43, 128 231.01, 14 231.47, 99 231.86, 168 226.68, 137 229.42
320 6 296.95
321 103 161.56, 173 161.09, 151 154.72
322 62 386.42, 80 388.25, 25 384.44, 139 386.48, 89 383.21
323 63 321.35, 48 322.57, 114 317.32, 136 322.64
324 8 150.45
325 185 105.73, 151 108.68, 155 106.68, 189 105.57
326 116 290.11, 59 295.02, 12 295.93, 58 296.83, 180 295.58, 122 289.00, 175 291.27, 195 287.44
327 115 354.17, 77 351.67, 137 352.55
328 150 292.75, 193 301.94, 146 294.86, 10 298.49, 198 296.67, 189 298.41, 81 301.94, 92 296.79
329 200 267.97, 47 262.37, 199 266.30, 53 262.62, 142 261.36, 160 259.22, 198 263.26, 164 262.65
330 10 335.43, 107 328.25, 98 332.14
331 20 322.82, 160 318.17, 91 316.74, 146 318.49, 200 317.12, 125 315.06, 45 316.75
332 90 373.85, 35 372.96, 189 371.98, 134 372.07, 130 364.17, 184 370.20, 193 370.61
333 35 70.35, 41 75.56
334 163 218.36, 186 216.97
335 191 308.07, 38 303.10, 55 310.00, 47 310.82, 53 307.47, 114 307.86, 100 310.85
336 131 107.66
337 106 181.03, 79 175.90, 110 179.74, 154 182.72, 96 180.51, 131 179.33
338 73 202.35, 161 203.64, 88 203.82, 155 202.27
339 103 258.96, 116 264.42, 107 263.12, 155 261.25, 152 264.03
340 117 312.66, 199 312.25, 75 305.85, 108 304.29, 97 308.88, 196 305.85
341 63 344.09, 108 349.26, 30 342.98, 96 347.52, 178 348.25, 34 340.30, 55 343.62
342 2 70.90, 12 76.50, 118 73.03, 154 69.59, 173 76.92, 157 76.82, 172 70.42
343 18 241.64, 178 238.50, 170 242.75, 176 236.60, 159 238.51, 180 238.04, 100 237.20, 173 233.96, 124 234.16
344 10 103.44, 60 100.28, 148 106.50, 110 102.27, 58 103.41, 156 104.49
345 153 306.56, 146 307.81, 119 303.14, 158 309.01, 56 304.54, 194 308.80, 185 308.36, 89 303.84
346 35 103.86, 112 101.74, 53 98.80, 93 96.24, 198 104.59, 137 101.11, 19 104.58
347 34 370.01
348 80 191.07, 33 196.80, 104 191.01
349 169 224.26, 70 223.58, 151 222.40, 76 224.34, 38 227.85, 66 229.63, 63 228.05, 67 228.01, 14 228.29
350 127 130.28
351 112 217.86, 107 215.88, 115 211.91, 10 219.13
352 198 352.15, 50 357.01, 189 352.83, 165 360.42
353 56 92.12, 39 85.18, 161 89.05, 5 91.42, 195 83.19, 80 83.29, 151 91.76, 105 84.23, 152 85.00, 176 86.53
354 122 263.47, 6 262.08, 5 254.58, 12 256.55, 179 253.79, 10 261.52, 181 260.39
355 158 313.39, 10 309.74, 123 309.34, 116 308.51, 148 312.73, 59 304.33, 189 310.37
356 112 203.70, 42 208.86, 123 205.18, 177 210.12, 190 203.19, 101 208.95, 84 208.87
357 154 376.83, 197 372.29, 135 375.11, 120 376.20, 11 376.47
358 127 213.28, 71 210.61, 191 204.93, 43 206.65, 105 205.05, 53 213.77, 32 208.89
359 4 73.93
360 74 334.50, 29 338.70, 129 341.49
361 42 120.87, 38 118.86, 192 115.31, 16 121.18
362 177 69.60, 160 63.67, 17 60.06, 35 62.96, 135 63.23, 153 59.95, 96 61.99
363 37 179.52, 82 177.83, 176 182.45, 12 184.53
364 81 137.66, 87 141.74
365 10 101.62, 8 100.39, 26 99.16, 6 104.20, 154 99.12, 85 100.03
366 6 292.50, 8 295.67, 109 289.73, 24 294.77, 133 291.22
367 58 61.27, 153 64.04, 42 60.38, 115 69.26, 189 64.38, 197 63.51, 107 67.66
368 187 70.80, 151 76.46, 144 71.72
369 13 264.56, 25 267.18, 148 270.47, 154 267.50, 152 264.35, 98 261.77, 122 265.99, 52 263.15, 19 269.80
370 45 71.81, 173 69.44, 1 71.75, 163 71.22, 25 73.92, 56 70.70, 51 69.76, 7 69.77, 118 72.89, 95 76.18
371 25 182.26, 159 182.41, 91 185.49, 23 187.13, 79 188.52, 4 185.20, 127 183.11, 123 184.25
372 23 325.96, 186 322.38, 93 325.47, 151 330.69, 73 326.95, 126 323.06, 39 325.67, 14 331.37, 30 329.75
373 153 260.37, 125 256.72, 145 256.98, 66 258.01, 73 252.27, 122 256.05
374 180 136.99, 127 131.19, 124 136.25, 16 136.42, 149 132.99, 161 136.05, 22 132.45, 126 137.17
375 14 84.96, 133 82.57
376 147 228.62, 100 222.95, 88 225.79, 46 232.70, 42 232.85, 109 232.21
377 189 234.73, 118 227.54
378 143 395.94
379 36 179.54, 124 184.85, 108 181.80
380 121 293.63, 8 295.03, 114 300.86, 101 292.08, 117 300.33, 140 295.66, 176 294.04, 82 296.66, 103 299.70
381 71 199.45, 85 197.51, 73 199.33, 36 195.01, 143 200.26, 174 198.86, 10 197.25, 178 197.39, 140 202.55
382 44 134.81, 83 136.71, 32 137.19, 174 129.76, 126 135.63, 154 127.82, 138 135.89, 200 127.53, 50 131.78
383 183 354.75, 170 354.13, 112 354.22, 177 352.88, 184 349.06
384 72 125.06, 200 125.87, 91 120.32, 60 122.77
385 135 139.44, 31 138.67, 91 135.79, 46 132.52
386 167 278.36, 173 277.78, 161 280.14
387 29 356.44, 138 362.46, 44 359.07
388 157 94.95, 196 95.66, 52 101.57, 183 97.95, 176 101.41, 86 100.40, 29 101.62
389 170 77.13, 92 81.01, 134 82.77, 2 84.56
390 146 142.06, 58 135.81
391 143 104.79, 65 105.45, 122 111.80, 116 106.88
392 51 244.95, 178 243.94, 196 241.92, 123 241.55, 136 246.47, 54 241.20
393 175 214.92, 72 222.33, 125 221.66, 184 220.66, 158 216.37, 180 214.50, 22 216.60, 75 220.49
394 188 317.08, 167 316.42, 27 322.41, 3 318.45, 86 313.70, 112 322.64, 94 316.73, 123 316.77
395 129 333.60, 154 340.70, 18 342.50, 97 342.41, 104 334.75, 32 335.99, 4 338.46, 28 339.53, 80 337.44, 23 337.04
396 104 107.63, 162 108.86, 138 107.74
397 158 348.90, 25 352.74, 146 353.74, 16 357.11, 53 349.92, 73 348.95
398 48 144.50, 27 151.38, 69 145.63, 139 145.75, 42 149.47, 153 152.99, 154 151.78, 84 148.98, 37 146.43
399 49 356.40, 17 350.81
400 181 166.84
401 143 54.89, 43 63.25, 129 56.11, 4 61.53, 133 62.41, 9 62.97, 83 53.73, 113 63.24, 63 57.90
402 157 210.96, 113 207.16, 99 208.40, 38 214.66
403 26 179.10, 64 178.63, 21 180.77, 139 179.46, 164 182.34, 171 181.30, 185 175.46, 166 182.87, 73 182.67, 110 178.47
404 45 364.87, 10 356.47, 75 360.14, 41 364.46, 54 359.02, 90 359.11, 8 363.21
405 15 108.84, 27 106.61, 181 110.42, 155 110.31, 133 104.05, 64 103.99
406 176 387.87, 146 388.90, 192 393.59, 131 389.32, 33 394.24, 4 389.82, 112 384.99, 105 387.95
407 79 196.46
408 25 355.32, 101 358.77, 151 356.76, 156 357.86, 9 355.03, 73 357.63, 98 352.69, 63 359.30, 116 360.43
409 177 390.97, 63 393.31, 29 394.62, 113 397.20, 9 389.65, 40 393.87, 170 394.13, 167 389.39, 58 396.48
410 34 119.17, 68 121.13, 42 118.18, 72 120.93, 74 125.17, 107 121.51, 85 121.10
411 112 127.30, 171 135.59, 123 135.32, 56 129.58, 67 134.18, 82 127.57, 144 135.12, 33 126.57, 20 135.85, 76 133.62
412 84 351.65, 128 349.91, 188 350.63, 178 354.23, 131 350.84, 1 348.84, 141 354.73, 189 356.37, 102 348.48, 160 356.73
413 20 188.52, 98 182.80, 4 190.60, 181 189.00, 144 188.19, 158 187.53, 146 183.16, 162 182.49, 193 183.06
414 197 169.06, 22 173.28, 62 175.42, 37 169.57, 131 168.54, 59 168.75, 56 173.42
415 179 116.62, 8 114.66, 7 111.04
416 183 138.37, 175 143.34, 154 137.57, 2 143.21
417 132 85.65, 80 84.41, 143 84.64, 43 77.32, 129 78.84, 117 85.12, 126 81.16, 1 76.93, 100 79.86
418 82 181.15, 132 175.43, 134 180.86, 192 181.42, 139 176.99, 152 174.95, 191 178.48, 41 171.95, 194 181.13
419 90 114.47, 52 117.24, 61 109.51, 10 114.11, 142 114.96, 117 108.91, 60 108.36, 3 112.05, 84 108.95
420 177 301.69, 149 300.59, 67 305.05, 45 307.15, 116 298.45, 138 304.53
421 43 359.71, 149 367.28, 79 362.92, 65 362.70
422 59 152.00, 61 145.98, 47 145.12
423 84 374.95, 186 379.09, 81 374.17, 3 379.40, 73 374.28, 119 375.03
424 74 200.26, 152 204.65, 58 205.05, 5 198.73, 85 200.28, 62 200.16
425 68 192.70, 180 198.31, 191 193.93, 11 200.19, 30 197.17
426 177 128.44, 73 132.26, 7 128.37
427 11 254.01
428 122 190.46, 26 190.10, 57 187.69, 94 189.20, 71 186.93, 133 192.54
429 74 164.83, 26 165.41, 58 157.32, 147 160.94
430 2 315.60, 68 309.50, 29 313.09, 160 313.61, 31 315.33, 48 313.12, 75 310.10, 11 312.26, 51 318.63, 108 318.09
431 24 197.26
432 129 206.50, 183 211.95, 125 212.45, 20 208.09, 71 209.72, 70 203.40, 47 212.56
433 44 176.61, 41 175.55, 38 174.34, 195 178.46, 22 170.65, 1 179.70, 177 178.06
434 188 310.22, 107 301.41, 100 309.12
435 35 374.23, 23 373.33
436 12 347.06, 105 352.60, 76 355.76
437 129 83.49
438 128 230.03, 111 235.54, 195 228.50, 142 232.81, 43 232.73, 76 232.66, 179 234.81, 5 233.66, 185 228.01
439 55 313.13, 105 316.50, 76 318.51
440 139 303.25, 70 303.47, 33 306.88, 135 306.48, 8 307.39, 141 301.42, 172 300.04, 112 302.99
441 52 155.58, 191 159.61
442 58 311.64, 61 311.98, 40 308.89
443 149 180.26, 110 174.98, 65 181.73, 93 176.23
444 149 232.26, 126 228.47, 2 224.75, 39 228.10, 191 229.46
445 147 119.51, 14 119.49, 62 114.86, 33 113.05, 168 113.47, 64 114.37, 17 112.38, 104 119.49
446 46 250.59, 40 258.33, 4 252.51, 156 249.82, 93 258.50, 175 251.01, 2 253.99
447 17 211.57, 132 208.13, 53 208.77, 21 211.46, 83 203.87, 31 210.78
448 25 246.92, 54 243.19, 38 250.04, 83 248.03, 129 247.64, 12 245.39
449 135 177.06, 70 182.42, 134 181.82, 58 184.56, 125 183.67, 48 182.03, 73 179.46, 2 181.77, 38 181.16
450 19 208.41, 23 214.74, 12 216.62, 146 211.77, 92 215.08, 154 214.25, 190 213.83
451 180 379.52, 18 378.47, 58 373.06, 42 372.87
452 12 239.68, 151 235.86, 66 242.71
453 162 317.96, 150 313.38, 77 313.28, 175 317.28, 4 312.92, 58 316.03
454 108 153.85, 66 156.97, 9 162.55, 79 158.67, 199 161.45, 41 161.62, 67 153.97, 59 161.66, 78 161.46, 62 159.25
455 155 98.03, 105 104.21
456 3 177.97, 53 182.74, 4 176.73, 2 181.05, 55 178.97
457 187 230.50, 99 226.41, 91 234.25, 160 233.89, 111 234.88
458 26 169.93, 30 167.72, 151 164.90, 70 166.06, 44 171.97, 20 164.49, 110 171.28, 80 170.56, 86 167.98
459 139 304.17, 172 300.78, 193 308.46, 184 305.95, 161 302.45, 49 304.65, 76 302.16, 120 307.90
460 17 309.23, 42 314.14, 151 316.45, 155 309.04
461 51 68.05, 53 69.36, 91 65.01, 56 68.19, 48 68.15, 69 68.69, 136 64.92
462 98 226.20, 170 230.44, 77 225.12
463 198 375.60, 5 380.63, 112 376.75, 154 374.44, 174 378.58, 15 373.16, 88 376.70, 58 376.56
464 192 144.94, 129 141.22, 106 142.08, 34 147.89, 153 146.72, 107 142.07, 122 146.81, 82 150.48, 71 146.90, 116 149.85
465 2 90.73, 118 90.10, 41 87.36, 56 90.22, 111 90.59
466 72 112.13, 100 107.69, 152 110.29, 13 105.00, 6 108.89, 186 108.73
467 156 107.56, 85 110.62, 90 103.86, 136 103.15
468 39 314.94, 82 311.50, 175 309.90, 135 312.55, 166 315.32
469 108 79.29, 197 73.81, 87 69.73, 105 77.84, 100 72.91, 125 74.59, 23 70.06, 85 77.10, 14 69.83
470 167 138.75
471 122 171.20, 10 171.60, 199 169.60
472 23 193.71, 145 190.96, 83 192.43, 200 195.93, 197 197.53, 192 194.76, 48 197.30, 167 197.55, 131 190.98, 105 189.93
473 16 341.90, 183 342.65, 184 344.19, 90 338.73, 59 345.89
474 94 212.57, 8 205.89, 103 212.48, 100 211.79
475 53 307.22, 65 302.46, 68 303.36
476 47 281.62, 132 283.92, 101 282.71
477 133 161.70, 151 162.33, 23 163.17, 78 165.00, 152 160.82, 2 160.90, 174 164.08
478 187 126.58, 174 131.70, 159 123.42, 134 131.87, 170 129.02, 72 127.94, 114 130.37, 85 129.40, 89 122.63, 76 123.31
479 147 336.41, 103 335.45, 55 330.81, 166 335.30, 153 330.48, 120 334.26, 118 331.16, 109 329.05, 87 332.90, 142 336.01
480 85 132.66, 131 132.85, 77 140.68, 196 132.48, 162 138.21, 60 141.66, 44 138.11, 61 135.96
481 157 153.18, 34 148.34, 10 152.98, 101 144.79, 84 145.32, 150 150.22, 176 150.61, 138 148.36
482 71 153.84, 19 151.11, 92 156.04, 52 157.22, 76 157.39, 101 151.36
483 92 167.45, 122 167.06, 144 164.90, 36 161.94, 141 167.74, 89 164.85
484 71 223.60, 97 222.56, 155 220.24, 85 224.69, 41 219.23, 106 222.49, 55 220.30, 29 220.65, 36 218.50
485 111 385.17, 96 381.76
486 190 327.62, 173 325.23, 147 328.09, 167 327.87, 196 323.58, 170 330.28, 79 330.84
487 161 318.18, 116 318.18, 109 313.20, 47 318.97
488 62 286.04, 50 283.12, 25 283.50, 94 277.69, 67 281.43
489 144 339.02
490 129 172.51, 16 170.55, 94 178.20, 59 170.99, 151 173.78, 91 178.73, 148 175.23, 178 175.51, 65 170.51, 138 172.17
491 109 358.89, 53 360.81, 54 358.23, 1 355.07, 103 352.50, 29 358.26, 141 360.19, 76 355.48, 11 358.66, 59 353.96
492 60 381.44, 128 379.28, 75 382.19
493 52 208.99, 80 214.08, 79 211.64, 11 212.10, 62 207.83, 55 205.83, 32 207.06, 59 213.44
494 74 216.50, 24 215.08, 11 210.32, 69 217.12, 13 212.17, 27 210.64
495 100 295.72, 42 289.05, 147 290.61
496 183 309.18, 119 309.99, 181 309.18, 37 304.69, 113 302.03, 138 305.53
497 25 96.88, 164 95.08, 178 97.23, 104 95.45, 156 92.64, 20 95.98, 31 98.41, 128 99.33, 76 97.18, 187 93.37
498 84 264.78
499 186 345.34, 52 340.64, 113 348.37, 175 347.19, 143 338.65
500 80 341.39, 116 338.45, 107 343.97, 162 341.21, 114 342.58, 141 346.25
501 14 84.54, 192 85.62, 97 81.25
502 15 120.66, 75 114.31, 27 120.29, 64 114.69, 55 111.90, 23 116.98, 124 111.24, 43 118.24, 67 111.32, 70 113.82
503 25 148.10
504 80 92.03
505 5 347.28, 68 347.34
506 90 242.73, 20 236.44, 65 234.20, 154 237.75, 168 234.52, 36 239.14
507 82 245.58, 186 240.20, 99 238.97
508 43 189.81, 166 195.15, 168 192.96, 109 194.56, 189 192.56, 123 196.27, 5 188.62, 85 188.42, 101 190.08
509 53 208.28, 1 205.59, 20 208.25
510 142 142.96, 12 139.89
511 15 321.58, 171 312.65
512 98 199.44, 164 195.21, 185 201.58, 20 196.69, 18 200.12, 177 199.58
513 27 281.82, 80 283.34, 156 286.51
514 6 274.75, 20 276.79, 156 274.68, 102 277.73, 69 280.83, 199 275.93, 108 279.10, 151 277.96
515 104 304.73, 76 306.41, 115 300.49, 147 304.84, 88 300.79
516 100 380.55, 44 372.82, 156 374.83, 99 371.91
517 100 285.36, 49 278.74, 32 283.35, 12 285.46, 72 278.99, 89 287.12, 127 284.05, 198 280.46
518 83 326.47, 86 326.96, 152 324.33, 88 330.26
519 55 168.25
520 88 69.48
521 124 134.16, 47 142.06, 87 140.67, 152 141.99
522 108 329.82, 171 323.34, 159 327.47, 23 330.59, 60 326.36, 103 326.11
523 142 267.56, 170 268.58, 156 270.67
524 142 214.73, 196 207.03, 111 207.75, 43 215.13, 166 211.05, 13 208.95, 186 208.03, 89 211.49, 96 214.70, 146 209.57
525 171 314.11, 172 310.34, 77 314.30
526 56 156.89, 159 156.65, 79 150.27, 111 150.80, 123 153.41, 176 149.56, 108 149.37, 152 151.90, 133 154.76, 164 156.45
527 70 59.49, 179 60.74, 75 55.39, 195 56.19, 193 56.94
528 64 124.22, 171 128.94, 157 126.92, 40 132.23, 192 126.39, 98 131.44, 119 124.93, 186 131.38
529 139 285.20, 58 286.22, 11 280.07, 195 288.00, 101 284.80
530 169 89.49, 29 96.23, 146 89.50, 143 94.93, 197 96.16, 45 92.68, 65 91.62, 123 91.84
531 45 380.69, 109 381.34, 49 387.39, 62 383.69, 17 380.61, 121 383.73
532 126 312.22, 66 312.51, 189 305.28, 147 312.81, 195 308.64, 72 304.87, 161 312.73
533 115 179.27, 99 186.55, 92 184.12, 64 185.97
534 124 93.73
535 183 158.97, 97 158.36, 140 154.88, 50 161.64, 133 156.51, 77 157.83, 84 159.40, 155 160.53, 60 156.88, 25 156.65
536 149 215.53
537 39 334.32
538 40 203.67, 137 206.17, 112 201.25, 62 206.57, 23 203.70, 138 200.98, 192 202.95, 32 205.16, 50 200.50, 47 200.98
539 61 247.07, 74 253.79
540 156 197.19
541 177 337.69, 62 336.47, 34 338.58, 179 335.68, 97 333.47, 13 336.11, 166 336.89, 184 332.88
542 24 179.29, 88 175.68, 117 177.16, 20 175.96
543 176 159.94, 181 165.70, 65 160.05, 57 163.45, 8 160.72, 195 160.15, 95 159.04
544 165 356.41, 76 362.64, 193 355.87, 80 355.95, 198 361.07, 107 361.54, 63 363.19, 39 358.21, 151 359.93, 65 362.32
545 53 73.51
546 4 295.10, 185 298.82, 186 301.12, 87 294.77, 2 301.70, 168 302.17
547 66 368.32
548 162 377.02, 62 384.77, 89 383.21, 199 375.62, 107 381.35, 65 380.22, 71 380.63, 49 384.02, 143 382.61, 54 382.26
549 5 75.77, 6 83.94, 84 84.40, 83 77.64, 197 82.28, 12 81.58, 117 76.77, 79 81.99
550 42 227.98, 28 229.97, 188 232.94, 85 231.27, 31 228.19, 59 227.59, 35 224.92, 79 226.20
551 88 142.87, 180 141.88, 186 133.18, 177 136.36, 40 138.71
552 93 87.05, 192 89.56, 11 88.42, 145 89.14, 71 90.71, 130 90.82
553 126 141.70, 98 137.79, 47 141.62, 24 143.19, 26 140.24, 17 137.73, 21 136.46, 65 139.13
554 70 120.42, 9 123.20
555 46 353.07, 149 357.00, 57 356.72, 143 359.07, 28 353.28, 55 354.28, 10 358.60, 34 359.92, 22 358.83, 67 359.04
556 35 151.16, 185 154.22, 123 145.73, 107 151.62
557 143 195.22, 119 202.63, 188 200.03, 140 196.47, 101 203.43
558 94 146.03, 30 140.69, 199 141.14, 41 140.99, 5 148.75, 6 142.41, 157 142.49, 169 146.17, 103 144.52, 10 142.67
559 129 119.03
560 7 71.00, 12 69.78
561 168 246.54
562 64 87.88, 7 90.82
563 163 217.79
564 103 375.45, 151 374.16, 4 370.22, 120 370.52
565 86 236.33, 5 233.58, 28 231.15, 196 235.25, 180 231.83, 181 235.67, 155 230.55
566 182 203.08, 42 200.71, 132 197.40, 31 200.20, 12 201.49
567 17 220.08, 110 225.89, 198 228.18, 28 223.56, 67 223.67, 34 226.22, 86 221.39
568 35 177.43
569 11 309.65, 17 308.20, 189 311.40, 158 312.61, 105 311.62, 152 313.16
570 105 191.61, 66 198.25, 150 194.39, 180 198.19, 80 195.79, 149 193.18, 68 197.55, 57 198.51, 118 193.77, 6 190.07
571 48 303.24, 140 304.75, 196 301.84, 76 302.02, 172 304.87, 79 305.08
572 93 94.66, 113 85.21, 97 90.70, 30 94.58, 50 87.75, 150 91.89, 147 85.10, 2 94.53
573 20 150.05, 124 154.34, 133 147.77
574 121 94.12, 58 97.68, 133 97.78, 122 91.38, 36 98.71, 4 93.01, 14 91.87, 45 93.97
575 114 245.03, 93 242.57, 132 248.68
576 63 148.68, 183 150.22
577 52 86.43, 140 81.73
578 68 242.32, 126 242.79, 20 236.03, 154 236.33, 170 240.48
579 72 253.15, 168 254.63, 70 249.49, 64 254.07, 165 253.17, 48 253.77, 185 252.65
580 137 158.34, 112 156.53
581 147 277.88, 109 274.03, 34 277.81, 158 277.67, 93 278.73, 113 274.40, 176 280.29
582 89 276.75, 85 271.76, 119 271.94, 199 275.07, 180 271.93, 51 275.53, 17 277.78, 148 269.75
583 162 321.44, 78 321.84, 32 324.32
584 113 229.52, 31 228.35
585 35 351.85, 192 361.39, 86 358.10, 147 360.56, 71 355.99
586 76 346.98, 129 355.07, 26 354.09, 143 347.80, 130 352.16, 49 349.02, 171 353.69, 34 347.56, 172 347.60, 97 347.99
587 103 363.07, 4 366.84, 194 362.07, 82 363.64, 180 366.23
588 180 245.96, 196 245.13, 62 248.36, 98 247.07, 7 252.78, 167 250.10
589 129 173.63, 169 175.57, 132 171.72, 38 176.06, 140 171.11, 187 169.98, 116 169.62, 104 177.48, 86 174.26
590 172 197.63, 77 193.80, 22 198.75, 133 194.22, 84 198.83, 47 200.38, 102 194.56
591 40 301.04, 152 300.07, 102 292.88
592 19 341.70, 73 345.92, 97 340.81, 115 347.12, 134 345.59, 180 343.70, 151 341.15, 147 341.51, 47 343.96, 39 347.34
593 143 315.38
594 125 236.88, 21 234.47, 34 235.89
595 93 343.60, 16 344.47, 15 347.57, 142 351.02, 140 347.29, 71 343.54, 42 345.66, 105 347.69, 143 351.74
596 184 308.09, 58 307.55, 95 308.52, 143 307.87, 36 304.59, 94 302.52, 83 306.56, 8 307.21
597 176 176.12, 132 174.74, 184 174.46, 37 173.32, 70 174.02, 87 174.47
598 111 259.00, 37 267.95
599 199 241.27, 11 244.18, 119 242.48, 153 237.04, 192 240.50
600 93 285.49, 25 284.19, 135 276.85, 154 286.44, 17 279.18, 173 284.55, 16 286.16, 164 281.34
601 19 96.67, 27 93.67, 143 97.38, 145 101.80, 76 92.49
602 22 329.97, 59 336.58, 99 338.89, 43 329.48, 5 337.22, 139 331.05
603 96 133.02
604 46 373.43
605 94 193.54, 171 198.88, 88 194.44
606 37 125.82, 56 127.05, 172 127.76, 119 121.36
607 95 83.38, 46 83.06
608 49 375.62, 76 383.09
609 200 234.37, 104 233.93, 43 231.98, 133 232.80, 23 234.68, 126 232.84, 41 228.26, 10 232.17, 75 234.88, 51 229.86
610 93 336.22
611 70 387.40, 63 385.67, 24 382.09, 18 383.49, 15 388.03, 169 385.69, 186 382.39, 93 384.57
612 16 61.83, 131 58.78, 21 54.56, 48 54.60, 143 53.31, 5 53.57
613 17 266.19, 11 265.22, 139 267.59, 167 267.79, 158 263.47, 176 265.89
614 156 353.98, 68 355.02, 30 354.88, 115 357.42, 16 356.00, 95 355.23, 151 351.00
615 118 327.29, 114 329.18, 89 327.60, 110 333.14, 42 329.42, 163 331.49, 11 333.54, 161 334.57
616 189 99.11
617 137 108.31, 141 104.41, 165 102.23, 200 99.46, 133 101.27, 139 104.70, 199 101.86, 149 105.58, 128 101.39, 69 108.12
618 181 132.91, 77 135.57, 101 136.97, 144 134.05, 24 134.88, 38 135.03, 172 137.23
619 66 240.85, 12 243.41, 53 242.77
620 17 62.76, 19 62.43, 123 69.82, 25 69.56, 174 70.12
621 153 328.97, 178 331.16, 167 326.89, 126 330.78, 50 329.89, 98 333.87, 19 329.46, 149 325.29, 80 328.06
622 133 289.91, 23 294.63, 31 289.44, 50 288.40, 166 290.98, 171 294.91, 65 287.49
623 145 98.32, 194 100.44, 114 104.09, 118 106.68, 198 96.82, 155 97.17, 165 105.39, 45 103.00, 21 97.68
624 43 289.78, 71 290.75
625 106 273.73, 92 268.75, 68 266.18, 71 272.74, 14 270.25, 24 270.85, 138 268.53, 99 266.81, 161 272.42, 196 270.24
626 63 98.53, 21 92.47, 62 93.65
627 64 101.69, 77 100.38, 124 102.60, 169 96.08, 39 95.56, 11 101.31, 151 99.51, 60 97.35, 44 99.86
628 119 182.32, 87 178.27, 23 185.25, 172 178.67, 4 175.30, 191 183.87, 183 179.58
629 195 61.31, 116 58.23, 75 67.46, 41 61.21, 10 62.24, 25 62.49, 90 57.94, 47 63.26, 13 61.46, 14 66.77
630 155 397.47, 70 395.14, 199 393.81, 103 389.77, 142 397.88, 154 393.89, 165 391.19, 63 389.57, 198 393.33, 23 393.48
631 179 113.90, 155 111.28, 31 110.40, 129 115.43, 38 117.87, 125 117.39
632 101 113.42
633 136 114.64, 45 111.98, 112 112.15, 113 111.73, 183 114.12, 61 112.64, 29 112.54
634 26 295.16, 134 290.49, 152 295.86, 110 287.06
635 116 397.32, 34 388.69
636 19 169.82, 172 166.19, 173 170.45
637 133 231.80, 112 228.79, 191 229.61, 9 229.57
638 113 383.17, 153 387.20, 199 384.83, 36 381.53
639 60 353.07, 119 359.72
640 28 384.55, 111 384.65, 173 386.33, 98 378.70, 197 382.95, 29 385.85, 70 379.53, 34 382.29, 169 378.29, 184 377.69
641 173 383.49, 80 385.83, 44 385.37, 110 390.15, 113 381.51, 184 388.58, 51 386.15, 145 383.12
642 12 129.29, 41 130.63
643 73 74.17, 138 74.64, 104 79.95, 114 77.89, 15 76.51, 86 77.88, 161 77.13
644 53 339.98, 91 347.69, 128 342.54
645 77 316.14, 75 319.38, 12 320.87
646 73 69.43, 123 74.26, 141 70.01, 62 70.53, 25 72.34, 76 67.80
647 148 249.77, 189 245.37, 23 252.73, 137 244.76, 135 248.26, 107 248.98, 56 248.25, 142 250.49
648 184 375.81, 71 372.42, 31 373.65, 128 375.07, 150 373.14, 155 373.02, 169 372.34
649 157 212.54, 135 210.00, 86 209.43
650 112 385.84, 125 382.44, 136 382.02, 60 379.35, 88 382.51, 85 378.45, 24 381.63, 59 382.02, 48 382.68
651 185 106.85, 192 101.00, 159 103.11, 59 105.46, 37 104.35, 89 102.80, 196 101.30, 149 100.06, 5 104.38, 1 99.81
652 181 361.67, 5 360.60, 151 355.16, 7 356.43, 75 364.22, 190 360.28, 138 358.46, 88 362.36
653 51 77.63, 11 70.81, 167 73.56
654 64 131.31, 176 136.97, 78 135.08, 121 128.40, 152 133.62, 24 133.28
655 15 117.95, 95 117.62, 88 117.69, 106 123.16, 69 117.01, 54 117.19, 68 122.66
656 49 197.48, 105 197.64, 134 203.17, 133 203.26, 18 203.25, 122 204.12, 41 201.90, 68 197.12, 142 199.73, 31 196.25
657 122 92.19, 2 83.92, 16 83.62, 24 83.91, 165 93.09, 115 85.95
658 159 318.12, 157 317.24, 131 314.84
659 86 183.32, 182 180.81, 166 184.70, 125 179.42
660 41 338.78, 89 343.43, 123 338.89, 13 347.37, 163 345.11, 111 339.19, 158 337.70, 200 340.53
661 101 248.41, 79 241.05, 34 241.24, 82 244.51
662 191 58.39, 12 54.11, 126 54.82, 82 52.34
663 160 331.51, 55 327.88, 90 330.70, 106 326.66, 133 330.93, 31 332.29, 189 330.62, 127 329.68, 141 328.55
664 76 309.02, 130 303.11, 117 310.56, 111 305.83, 108 309.81, 167 312.02
665 157 283.18, 187 279.77, 99 276.40, 57 283.38
666 23 205.31, 127 208.05, 78 201.35
667 183 198.49, 164 199.34
668 139 357.10
669 185 193.27, 15 196.79, 115 193.03, 118 195.57, 178 197.34, 189 195.90, 98 195.62, 72 194.60
670 32 336.97, 3 339.26, 67 342.68, 126 340.28, 99 336.40, 83 340.28, 86 337.89
671 83 227.50, 47 219.65, 12 222.32, 129 221.84, 102 225.82, 143 220.94, 144 228.75, 106 225.95
672 79 293.38, 196 289.83
673 42 166.37, 132 172.40, 139 173.78, 36 169.06
674 13 158.21, 121 156.34, 162 150.04, 22 149.34
675 5 241.06, 157 242.08, 100 250.19, 54 250.25, 112 242.65, 3 247.65, 115 248.53, 63 249.04
676 200 60.13, 33 59.31, 153 57.88, 87 53.66
677 169 103.05, 158 103.53, 79 99.19
678 108 318.70, 139 314.69, 154 320.52, 153 316.15
679 110 74.71, 150 73.96, 174 76.60, 10 78.99, 175 82.64, 152 74.43, 135 77.88, 32 82.03, 84 73.54, 192 80.43
680 138 310.21
681 114 274.82, 127 270.47, 128 274.37, 144 272.01, 134 269.99
682 139 84.04, 137 83.62, 65 81.90, 131 84.81, 86 87.69
683 40 114.47, 57 115.43, 136 109.78, 165 116.51, 152 111.05, 36 115.33, 145 108.53, 60 110.45, 5 112.62, 65 112.63
684 60 148.20
685 102 65.84, 114 62.58
686 182 58.71, 186 55.49
687 144 158.54, 83 166.30, 82 165.05, 67 166.01
688 96 282.55, 164 278.70, 4 280.07
689 63 166.64, 32 164.99, 168 168.49, 164 165.14, 72 172.11, 135 168.87, 49 166.08, 65 163.06, 21 162.74, 4 169.23
690 10 133.04, 128 130.82, 153 133.18, 162 125.43
691 20 193.69, 164 194.67, 113 193.81, 51 202.18
692 129 333.88, 39 328.95, 63 331.06, 108 327.43, 146 337.38, 61 336.19, 25 327.42, 89 335.26, 144 332.06, 67 334.53
693 31 269.15, 12 270.95, 48 262.81, 27 271.25, 54 264.41, 135 271.49
694 118 382.59, 16 387.30, 69 385.80, 55 380.42, 68 389.81, 42 389.00, 30 386.49
695 3 246.43
696 120 90.67, 146 88.92, 60 97.08, 76 90.42, 162 95.68, 4 96.54, 116 95.53, 25 89.94, 197 88.90
697 43 108.80, 119 108.30, 130 105.93, 148 106.03, 199 108.30, 25 101.73, 117 102.89, 23 103.74, 62 104.89, 135 103.02
698 59 122.23, 12 114.80, 35 120.85, 74 117.12, 79 117.35, 162 118.62, 116 114.03, 96 115.89, 195 120.39, 31 120.54
699 37 179.93, 44 184.31, 195 179.67, 139 178.42, 164 182.75
700 121 51.86, 170 54.19
701 153 176.19, 48 170.57, 110 169.38, 15 169.20, 22 175.92, 43 176.27, 53 175.91
702 84 208.74, 20 213.59, 188 213.10
703 198 236.39, 103 234.20, 138 232.61, 50 235.76, 153 233.89, 14 228.91
704 167 350.87, 53 342.85, 120 345.55
705 170 150.55
706 167 132.72, 98 130.83, 11 124.61, 198 130.60, 63 129.05, 23 128.95, 58 131.51, 70 131.43, 90 132.63, 196 124.24
707 169 54.85, 107 58.98, 3 60.25, 200 64.21, 120 60.45, 9 61.60
708 128 216.37, 167 219.80, 178 218.42, 162 218.08, 93 221.88, 122 218.51, 107 214.62, 52 216.51, 31 215.73, 147 212.46
709 70 90.07, 4 85.61, 8 88.47, 155 85.46, 152 89.83, 194 88.62, 38 89.20
710 107 103.85, 3 100.33, 173 102.96, 183 108.54
711 14 293.51
712 82 335.99, 4 340.25, 72 344.80, 64 335.71
713 119 227.74, 96 232.13, 44 229.25, 70 227.30
714 35 291.21
715 89 294.87, 111 295.09, 21 294.98, 159 297.42
716 62 391.25, 24 396.68, 77 396.88, 159 394.62, 128 397.95, 173 393.82
717 157 365.54, 94 372.10, 167 372.60, 194 368.36, 160 372.24, 89 373.76
718 162 348.91, 29 350.88, 83 346.72, 71 350.88, 105 350.19, 136 343.55, 56 344.03
719 153 235.42, 34 237.83, 182 242.74, 40 237.40, 1 238.93, 94 242.31, 161 236.12
720 10 268.74, 27 272.36, 134 276.05, 18 271.04, 92 272.43, 85 269.27
721 178 327.13
722 145 104.97, 87 107.95, 8 108.16, 149 106.28, 173 107.07, 166 102.30, 148 108.68
723 182 106.53, 154 102.25, 61 100.94, 35 106.86
724 4 191.06, 148 191.99, 189 191.23
725 45 353.82, 163 353.96, 162 350.75, 6 355.03, 1 352.50, 197 356.63
726 18 248.85, 59 252.83
727 8 378.82, 87 377.27
728 176 273.71, 18 272.22, 126 274.70, 96 279.07, 193 275.30, 13 278.46
729 191 343.58, 190 336.68, 53 340.49, 150 344.19, 28 345.75, 200 340.78, 35 337.57, 147 338.51
730 30 305.48, 15 305.76, 104 298.21, 21 302.25
731 179 91.85, 113 86.58, 187 93.14, 200 95.04, 115 86.32, 79 87.04, 185 94.18, 7 90.80, 86 86.68, 39 85.47
732 81 88.94, 117 91.05, 95 90.31
733 118 65.32, 60 69.86, 30 65.99, 111 68.79, 11 71.51, 79 68.67, 76 71.69, 197 74.80, 42 67.53
734 9 203.72, 78 204.65, 114 206.28, 120 204.21, 115 203.38, 166 210.69, 165 211.33, 153 203.10, 37 209.20, 19 209.65
735 144 374.20, 94 373.55
736 18 352.88, 142 347.52
737 70 169.83, 41 178.71, 38 173.79, 43 169.92, 114 172.71, 25 171.81, 109 175.67, 5 174.73, 116 178.42
738 110 169.97, 114 164.78, 144 167.11, 25 170.09, 93 165.13, 56 165.80, 20 171.01, 136 165.55, 79 168.46
739 45 301.94, 104 304.09, 83 305.93, 103 303.83, 8 302.85, 128 308.11, 150 303.86
740 151 112.94, 69 105.19, 29 105.34
741 141 348.01, 114 352.03, 177 351.53, 132 348.75, 31 349.98, 148 345.75, 102 346.98, 196 351.17, 7 348.39, 43 342.97
742 147 199.45, 5 196.90, 165 201.40, 92 198.10, 135 195.33, 59 201.81, 70 200.19, 95 201.62, 148 197.87, 33 196.98
743 108 224.40, 154 220.05, 39 226.41, 7 224.54, 29 220.16, 125 226.75, 184 221.76, 60 228.09, 142 224.40
744 155 121.05, 161 117.30, 181 122.37, 132 114.74
745 168 350.75, 7 344.44, 118 347.12, 102 350.29, 152 343.62, 84 343.81, 188 351.95, 71 346.25
746 185 280.46, 103 279.63
747 187 284.70, 93 275.38, 70 283.21, 133 282.86, 43 276.10, 98 275.53
748 152 211.62, 40 203.56, 198 207.62, 96 204.01, 57 205.94, 21 211.99
749 84 344.94, 46 344.53, 193 348.65, 94 346.68, 19 350.41
750 94 185.26
751 44 135.37, 154 136.57, 190 135.83
752 150 86.49, 71 88.26, 34 92.25, 200 87.47, 9 91.56, 132 83.51
753 125 112.29, 54 115.84, 9 114.09, 96 116.67, 6 112.92, 99 117.32, 43 115.28, 167 117.06
754 165 148.72, 119 150.10, 137 155.11, 84 151.72, 166 151.59, 169 153.15, 63 148.38, 12 153.62
755 78 200.44, 138 199.37, 182 208.24, 108 201.87, 3 206.43
756 127 329.37, 125 327.44
757 43 153.08, 193 151.42, 108 152.69, 22 149.35, 13 155.62, 30 155.39, 58 156.36, 191 152.89, 63 150.40
758 73 213.08, 20 214.98
759 162 342.88, 1 340.13
760 77 194.40, 136 198.14, 19 200.58, 64 199.36, 25 192.52, 57 197.41, 39 194.78
761 184 123.31, 84 127.34, 118 126.48, 134 128.33, 58 123.67, 69 119.19, 200 120.03, 157 125.82, 35 127.10, 131 124.23
762 161 369.47, 24 376.51, 110 368.99, 198 377.92, 151 368.47
763 167 301.58, 121 307.44, 180 307.79, 200 308.34, 4 307.12, 17 304.14, 156 299.51, 193 304.68
764 178 282.41
765 15 96.90, 184 98.93, 74 97.35, 79 99.99
766 67 95.04, 200 95.78, 5 95.29, 88 98.54, 166 94.84, 109 100.99, 163 96.82, 78 94.97, 60 97.62
767 139 304.51, 127 312.20, 65 312.31, 26 306.99, 113 312.97
768 87 129.38, 185 129.58, 148 137.86
769 22 217.02, 2 216.20, 153 214.66, 41 215.82, 99 217.41, 158 215.00, 106 216.35, 139 212.37, 187 214.53
770 91 363.77, 62 368.84, 14 369.24, 187 363.20, 134 362.59, 181 368.58, 6 362.14, 145 362.61, 58 366.46
771 3 71.85, 106 72.47, 77 72.53
772 75 225.27, 24 220.81, 177 218.46, 139 221.96, 118 221.30
773 156 185.06, 90 189.38
774 127 214.69, 178 215.78, 147 211.43, 190 212.32, 170 216.01, 1 211.92, 74 208.83, 50 213.11, 154 214.29
775 85 359.66, 17 361.83, 105 363.07, 142 359.45, 127 362.80, 124 353.24, 20 358.06, 192 356.40, 196 357.73, 41 358.01
776 190 281.11, 61 282.23, 78 278.93, 161 283.96
777 21 379.76, 86 382.71, 112 382.91
778 9 168.28, 92 171.41, 98 169.98, 114 175.46, 29 167.74, 71 175.11, 138 174.89, 117 167.46, 49 167.93, 60 173.22
779 182 367.32, 183 371.14, 171 366.18, 158 371.24, 161 363.78, 34 362.81, 138 368.97, 66 361.81, 141 362.45
780 114 94.19, 4 89.28, 92 94.23, 163 87.54, 87 95.27, 120 89.68, 22 92.63, 153 91.18
781 76 98.33, 127 96.48, 30 95.26, 171 89.41, 98 97.22, 120 92.45, 172 92.81, 196 93.68, 111 93.75
782 181 122.51, 177 114.32, 169 113.37, 34 114.60, 85 114.02
783 83 314.31, 129 320.31, 63 319.53, 84 318.43, 8 320.87, 100 314.56
784 175 198.36, 189 203.74
785 83 241.88, 46 241.22, 158 240.58, 151 240.85, 144 234.17, 37 233.37, 18 237.22
786 121 325.92, 187 319.90, 170 325.85, 124 322.91, 84 321.65, 136 327.83
787 30 197.57, 6 202.20, 90 202.04, 35 205.30, 19 199.91, 115 196.53
788 74 393.02
789 29 177.92, 163 185.21, 144 180.22, 102 183.94, 190 182.40
790 14 275.86, 138 275.40, 9 279.60, 143 282.50, 41 280.45, 88 281.68
791 91 257.25, 118 261.64, 183 261.77
792 115 361.89, 133 358.63, 177 357.81, 122 359.16, 71 362.51
793 36 336.92, 68 336.19, 183 338.88
794 125 376.45
795 119 145.42, 34 139.93, 152 137.00, 75 142.75
796 56 365.84, 141 366.33, 62 372.74, 188 372.47
797 56 248.58, 70 250.27
798 14 80.18
799 143 219.85, 163 223.51, 175 216.67, 35 223.27, 104 219.18, 186 223.59, 49 216.77, 9 222.79
800 194 179.82, 101 179.41, 177 176.74, 62 182.97, 116 177.43, 126 179.92, 144 181.18
801 163 166.84, 134 175.84, 144 173.91, 37 173.26, 116 168.37, 41 166.54, 68 172.50, 43 171.79, 83 167.26
802 78 209.84, 111 204.43, 132 206.19, 200 204.29
803 133 364.49, 71 364.37, 163 365.59, 169 365.88, 146 362.67, 200 360.66
804 162 266.78, 152 265.74, 180 273.10
805 164 306.78, 56 312.12
806 29 364.34, 102 362.50, 79 362.67, 41 365.06, 101 361.32, 108 361.43, 56 367.65
807 191 300.88, 177 304.88, 75 307.30, 62 308.52, 81 305.46, 183 306.98, 88 307.52
808 114 237.29, 48 241.61, 158 235.75
809 174 192.99, 183 193.59
810 16 262.71, 40 264.75, 50 260.69, 34 268.34, 77 261.10, 181 269.58
811 192 287.68, 109 281.74
812 78 223.64, 142 223.65
813 111 312.32, 53 305.43, 99 305.71, 164 304.55
814 113 349.15
815 60 130.70, 69 130.27, 187 128.02, 11 123.34
816 32 232.65, 184 233.97, 119 231.41, 155 231.14
817 186 239.66, 181 245.07, 156 246.27, 128 244.81, 14 246.79
818 140 221.72, 70 226.74, 163 224.39, 111 223.10
819 104 154.90, 34 154.10
820 182 242.31
821 97 246.68
822 185 272.78, 161 275.19, 56 278.75
823 66 68.33, 154 71.88, 94 70.59, 163 65.53, 21 69.85, 187 69.76
824 192 233.49, 109 234.83, 161 240.25, 26 239.25, 40 242.28, 118 235.22, 49 238.53, 12 241.39, 151 239.10, 22 235.24
825 123 339.02, 5 333.72, 158 337.08, 126 337.92, 133 335.32
826 198 233.24, 189 237.60, 200 229.16, 154 235.22, 172 234.60, 18 234.80, 31 233.22, 160 229.33, 142 228.94
827 46 122.09, 47 120.35, 139 121.44, 83 119.34, 154 124.38, 135 126.52, 195 117.89, 155 124.15, 2 124.17
828 124 181.75, 98 178.59, 186 184.82, 51 176.34
829 123 150.05, 84 152.04, 61 155.60, 18 147.74, 3 152.86, 147 151.63, 88 150.89
830 35 359.15, 113 363.80
831 68 351.30, 133 358.05, 20 349.38, 125 354.10, 61 352.47, 180 355.86
832 24 259.61, 41 258.85, 30 260.03, 51 264.86
833 30 130.10, 49 124.01
834 95 279.11, 19 284.16, 98 281.64, 51 286.07, 104 279.56, 132 283.77, 48 285.62, 43 277.08
835 70 262.73, 181 262.31, 16 264.66, 30 266.63, 88 260.46, 14 265.96, 55 262.80, 126 262.07, 197 266.14
836 6 302.07, 134 305.65, 3 304.41, 180 302.12, 136 299.91, 87 306.01, 169 305.09, 186 304.37
837 169 325.92
838 55 292.42, 189 293.81, 37 297.46, 49 297.73
839 25 138.64, 28 140.40, 123 141.15, 95 138.31, 75 135.13, 8 135.26, 13 138.25, 189 138.51, 98 136.72, 108 136.22
840 43 195.02, 79 198.43, 70 189.66, 130 194.91, 125 190.55, 132 193.21
841 13 83.27
842 100 346.32, 106 351.09, 177 348.13, 194 349.67, 193 346.73, 15 342.32
843 134 273.23, 163 277.64, 98 277.43, 150 277.00
844 162 231.09, 134 230.38, 101 238.81, 65 237.41, 84 230.82, 47 234.15, 96 232.10, 127 236.41
845 95 186.54, 116 191.09
846 86 92.60, 93 90.21, 29 92.46, 78 91.48
847 198 196.28, 31 202.20, 170 194.93, 180 196.43
848 178 122.22, 192 123.86, 6 121.36, 7 120.08, 147 124.39, 86 117.44, 92 121.92, 22 125.77
849 132 75.49, 97 76.36, 101 71.65, 119 72.90, 113 78.11
850 109 178.30, 114 182.28, 22 178.15, 16 181.50, 165 186.82, 35 178.65
851 41 164.27, 19 155.73
852 167 185.15, 105 185.36, 173 177.50, 164 179.98, 88 181.12, 156 182.52
853 17 128.53, 71 129.39, 147 128.95, 193 133.58, 56 131.68, 103 132.52, 175 135.00, 6 127.93, 160 130.78, 61 132.69
854 104 96.55, 103 98.00, 24 96.85, 140 97.32, 176 91.91, 184 95.32, 66 94.18, 180 92.61, 64 97.65, 131 99.43
855 37 372.32, 178 371.09, 176 370.92, 99 364.01, 199 366.45, 159 362.92
856 18 114.25, 138 107.83, 102 112.16, 12 111.80, 199 114.06, 23 116.19, 83 110.47, 196 112.35
857 1 228.76, 16 226.93, 58 232.58, 33 226.29, 118 227.03, 78 234.17, 152 233.83
858 78 359.66, 154 353.19, 149 353.36, 85 361.59, 69 357.64, 16 354.05, 11 355.73, 15 361.16
859 53 125.83, 60 129.06, 167 121.12, 138 122.01, 199 122.30
860 145 135.58, 130 133.79, 115 135.50, 97 140.32, 116 134.38, 26 139.32, 42 138.69, 137 138.73, 83 137.84
861 181 176.37, 5 170.41, 94 178.05, 57 175.55, 25 172.38, 196 178.17, 141 171.33, 174 179.00, 116 177.73
862 85 215.78, 118 216.35, 110 214.08, 88 212.00, 40 214.60, 63 220.66, 61 215.89
863 168 255.01, 1 258.64, 199 252.69, 166 257.57, 133 256.48, 165 259.25
864 123 188.41, 116 189.28, 125 187.81, 148 195.37, 180 194.69, 68 190.36, 154 190.86, 55 188.71, 151 195.91
865 87 283.92, 124 284.70, 91 284.14, 123 289.83, 1 289.15
866 177 75.78, 58 73.58
867 107 293.12
868 64 255.18, 168 251.27, 5 253.61, 57 254.28, 56 248.02, 102 255.55, 77 246.42, 6 253.30
869 2 92.40
870 20 141.16, 171 137.48, 59 133.63, 125 134.33, 78 138.29, 150 138.74, 181 137.57, 46 136.26, 131 135.33, 36 137.49
871 154 79.52, 89 75.72, 174 80.54, 19 77.20, 14 74.37, 120 76.14, 49 78.62, 93 79.13, 198 79.50, 100 78.21
872 177 77.39, 158 81.45, 99 80.70, 193 80.96
873 123 324.25, 160 328.75, 189 324.72, 113 327.87, 70 328.71
874 151 386.97, 101 387.99, 124 389.71, 165 381.74, 38 384.14, 24 389.53, 195 382.78, 96 389.23, 56 382.05, 77 387.36
875 92 323.52, 71 330.35, 42 324.53, 46 324.88, 8 323.44, 9 326.24, 68 328.41, 63 326.53, 135 327.71
876 195 348.43, 96 351.48
877 156 235.89, 110 236.72, 89 238.21, 5 234.97, 80 236.77, 37 234.59
878 164 105.37, 13 106.60, 29 101.59, 40 100.34, 5 105.03, 160 109.20, 47 103.86, 105 100.88, 68 107.23
879 20 213.45, 70 221.62, 143 214.11, 5 216.25, 42 219.61, 183 221.76, 32 218.08, 196 221.99, 48 217.34
880 134 191.70
881 9 89.01, 112 88.70, 100 94.85, 170 91.08, 164 91.13, 1 96.85
882 163 196.43, 91 195.56, 130 197.20, 87 192.11
883 199 348.44, 29 347.97, 159 349.03, 16 345.60, 164 342.30
884 121 161.57, 27 163.37, 193 160.12
885 64 234.04
886 63 162.38, 130 171.47, 116 163.80, 120 163.70
887 10 90.24, 84 87.75, 44 86.82, 139 86.78, 113 88.93, 27 90.33, 200 91.70, 54 88.55, 156 89.15
888 107 218.62, 153 221.48, 108 213.01, 189 218.09, 181 214.17, 9 219.31, 5 214.21, 157 217.24, 161 214.51, 80 212.92
889 156 391.41, 121 389.05, 185 388.41, 86 395.09, 36 392.43, 21 397.07, 42 387.89, 106 394.95
890 52 303.31, 107 307.12, 121 310.04, 193 306.09, 128 302.99
891 151 326.81, 153 320.99, 138 324.08, 180 328.57, 7 329.53, 26 329.72, 105 330.79, 161 330.24, 130 327.92
892 102 150.98, 100 142.51, 98 147.34, 141 149.54, 182 144.66, 157 144.19, 45 142.67, 114 142.26
893 101 168.45, 178 160.23, 113 162.97, 100 166.54, 29 161.10, 174 164.77, 73 162.84, 126 161.93, 35 162.62, 52 165.49
894 62 178.33, 143 169.44, 53 173.02, 178 170.26, 51 175.54, 116 171.71, 34 172.16, 171 169.45, 132 179.17
895 180 267.50, 77 266.44, 137 272.04, 85 270.66
896 197 207.25, 54 206.61, 105 211.99
897 30 293.18
898 60 337.78, 15 334.87, 177 334.43, 200 338.51, 96 335.08, 105 339.00
899 151 75.04, 19 75.49, 132 73.81, 163 75.26, 95 73.59, 24 78.62, 23 78.82, 50 70.98
900 30 245.96, 33 247.96, 196 254.28, 5 254.52
901 138 144.35
902 99 193.94, 124 200.49, 141 199.44, 186 194.77, 109 192.69, 51 198.30, 31 196.05, 50 194.24
903 78 294.05, 197 290.37
904 189 72.75, 67 73.30, 43 67.23, 39 72.15, 42 69.77, 180 68.88, 96 69.40, 98 67.74, 142 75.52, 141 68.91
905 29 352.40
906 140 196.07, 85 195.25, 66 196.69, 63 188.29
907 61 188.42, 86 190.83, 15 194.84, 24 190.91, 137 193.65
908 62 237.68, 182 237.61, 85 240.68, 97 236.44
909 99 175.65, 43 175.84, 102 179.84, 143 175.03, 96 176.30, 25 179.07
910 191 212.23, 193 206.36, 9 211.66, 172 206.83, 81 211.31, 150 205.80, 71 205.63, 188 209.30, 187 209.88
911 64 87.39, 151 85.13, 30 83.88, 181 93.06, 86 89.67, 157 83.84, 27 87.29, 73 85.68, 92 91.75, 6 91.20
912 15 348.02
913 198 387.28, 196 385.28, 29 387.94, 64 388.56, 88 383.58, 55 389.13
914 131 119.99, 5 120.72, 193 114.53, 154 117.22, 33 119.60, 67 121.54, 117 119.50, 180 123.40, 39 118.27, 24 116.80
915 52 61.59, 196 62.95, 87 65.34, 71 62.64
916 102 226.31
917 173 110.90, 43 112.71, 38 112.83, 85 108.02, 128 112.74
918 133 285.49, 32 294.17, 56 288.77, 107 290.41, 148 287.37, 171 288.88, 36 289.52, 106 287.02, 115 285.75
919 177 280.64, 92 284.06, 79 280.21
920 197 95.53, 112 95.30, 198 102.05, 186 97.44, 177 99.47, 14 94.25, 8 94.54
921 49 105.36, 195 109.72, 185 104.31, 89 101.04, 45 105.70, 134 107.94, 137 104.93, 109 101.75, 57 105.06, 95 103.23
922 167 53.24, 108 54.66, 25 54.05, 7 54.14
923 114 140.05, 197 143.07, 195 139.60, 155 138.67, 134 137.95, 41 139.28, 91 134.40
924 53 223.72
925 2 361.64, 24 366.32, 193 359.11, 81 364.24, 100 360.78
926 12 361.46, 91 359.72, 15 362.95, 137 360.70, 73 364.82, 85 367.13, 190 360.18, 151 362.92, 83 365.21, 125 367.46
927 97 169.92, 22 176.34, 171 174.45, 124 171.50, 120 175.12
928 121 319.31, 64 319.54, 160 317.42, 58 310.05, 11 314.25, 147 316.47, 78 316.86
929 145 242.74, 6 249.24
930 149 328.47, 124 334.26, 85 329.15, 96 328.72, 30 333.83
931 95 263.91, 81 260.96, 58 265.78, 147 261.56, 184 257.74, 64 258.82, 4 260.30, 47 260.74
932 95 58.88, 65 64.80, 4 65.42, 126 58.48, 72 61.21, 28 61.32, 99 63.45, 173 61.63
933 138 349.17, 56 346.94, 182 348.13, 33 351.93, 55 354.14, 148 353.97
934 132 314.58, 27 314.48, 100 315.09
935 20 275.91, 49 268.71, 197 278.41, 60 274.10, 5 270.12
936 172 389.13, 2 388.65, 160 394.76
937 17 182.49, 149 188.08, 93 190.43, 160 188.73
938 111 198.44, 2 195.47, 164 200.52
939 103 170.90, 111 173.07, 174 164.60, 99 168.90, 43 172.60, 25 169.14, 35 171.66
940 161 223.23, 60 222.71, 94 221.21, 87 220.58, 138 218.69, 16 223.24
941 96 337.12
942 64 76.91
943 64 179.38, 191 181.78, 171 177.86, 101 180.88, 180 183.49, 112 183.92, 66 184.62, 63 185.12
944 55 374.95, 153 380.19, 124 375.09, 62 372.00, 64 378.63, 163 375.23, 48 370.32
945 179 315.27, 56 314.86, 189 317.66, 135 316.16, 89 315.67, 13 315.39, 187 319.39, 77 316.37, 147 323.96
946 71 347.78, 144 354.58, 104 354.12, 137 349.23
947 148 272.52, 162 280.40, 132 278.92, 53 279.76, 108 276.45, 187 278.91
948 80 230.26, 154 230.06, 153 230.76, 32 230.79, 84 233.66, 91 227.40, 31 230.38, 146 233.21, 123 234.00, 38 230.64
949 181 284.88, 153 288.11, 140 287.87, 192 291.61, 138 285.91, 63 289.62, 8 292.83, 25 285.83, 170 287.30
950 145 371.01, 22 376.04, 64 375.09, 65 369.71, 74 369.75, 182 376.00, 148 376.14, 183 371.19, 81 374.75, 174 370.07
951 62 379.55, 89 375.01, 3 376.37, 129 381.77, 96 378.40, 64 381.79, 159 381.04
952 56 362.54, 93 367.23, 16 366.74
953 36 150.78, 128 152.28, 53 150.96, 78 155.40, 51 156.00, 126 154.72
954 70 316.46, 49 318.24, 154 310.32, 67 318.44
955 144 390.46, 59 392.48, 136 392.08, 110 398.94, 158 398.58, 63 397.69
956 147 121.50, 157 125.90, 186 127.06, 161 127.07
957 56 315.31, 30 311.75, 178 312.64, 26 306.94, 130 311.56, 96 315.32, 101 310.82, 188 311.61, 27 306.65, 14 310.83
958 66 64.88
959 180 340.65, 61 337.50, 23 344.53, 144 345.21, 81 339.45
960 162 361.54, 172 353.81, 39 362.85, 49 356.85, 119 357.82, 68 357.27
961 104 124.53
962 168 388.23, 126 385.34, 109 391.42, 72 389.21
963 148 122.65, 168 125.13, 135 120.52
964 94 389.04, 138 388.49, 150 386.56, 34 381.97, 42 386.17, 156 381.77, 199 389.53, 37 388.95
965 56 89.23, 153 86.84, 155 87.75, 27 86.20, 38 88.44, 32 92.28, 61 87.94, 67 89.07, 126 94.38, 120 87.02
966 119 393.50, 149 392.64
967 163 108.28, 13 111.64, 139 110.39, 39 111.49, 23 114.09, 12 107.41
968 145 285.08, 2 282.83, 166 286.11, 181 283.63
969 119 259.10, 183 267.73, 18 266.70, 104 259.06, 174 268.61, 167 259.44
970 47 168.06, 13 158.66, 6 167.66, 112 166.37
971 40 79.86, 44 81.64, 39 82.94, 95 78.83, 75 78.83, 181 81.62, 63 74.21, 93 78.05
972 198 262.01, 46 254.89
973 69 265.24, 100 256.85
974 25 369.28, 111 372.78
975 170 329.14, 137 333.52, 86 329.07, 82 327.82, 12 334.82, 60 333.98, 6 333.06, 112 327.39
976 110 115.21
977 80 267.06, 55 258.70, 122 264.31, 100 261.10, 12 260.01, 2 258.25, 43 264.82, 159 262.85
978 35 320.93, 199 317.50, 107 318.11, 116 324.67, 158 320.01, 102 320.77, 139 319.19, 195 320.74, 54 325.66, 58 321.45
979 101 176.86, 156 178.78, 89 186.14
980 171 371.08, 29 368.74, 140 371.73, 49 364.04, 7 367.87, 181 368.98, 35 370.96, 89 367.79
981 56 160.83, 153 158.72, 166 162.43, 115 156.50, 147 160.38, 1 161.89, 95 161.85, 142 156.09, 36 160.21
982 171 316.04, 182 324.50, 72 324.78, 119 321.97, 57 320.61, 10 323.34, 170 318.15
983 136 76.34, 84 72.98, 64 75.20, 46 81.61, 70 82.50, 145 73.23, 43 76.13
984 92 239.49, 187 247.41, 123 244.52, 37 247.27, 24 247.73
985 176 127.26
986 143 146.91, 34 143.74, 131 148.17, 158 148.86, 105 144.09, 86 149.72, 36 144.27, 173 147.86
987 35 307.42, 175 303.66, 197 303.97, 69 306.09
988 15 334.62, 196 337.41, 106 338.17, 66 342.18, 36 342.37, 14 335.74, 49 340.08, 127 340.89, 200 334.38
989 150 251.94, 152 256.33
990 53 270.28
991 58 275.80, 30 274.89
992 14 166.69, 116 164.27, 107 166.27, 186 169.14, 47 166.60, 172 162.88, 29 164.83, 82 162.39, 10 163.87, 132 163.12
993 149 337.01, 100 345.72, 183 342.97, 189 337.34
994 52 164.74, 128 160.50
995 193 363.12, 124 362.15, 176 367.49, 175 370.98, 136 366.36, 144 364.17, 69 362.44, 128 365.02
996 181 246.86, 88 243.99
997 118 283.22, 153 283.09, 97 282.76, 23 284.10, 63 276.77
998 164 156.34, 136 159.37, 57 159.66, 96 164.76, 70 164.54, 115 162.67, 33 156.78, 162 162.39
999 139 305.99, 130 308.34, 180 310.72
1000 65 331.99, 71 324.91, 62 330.63, 181 327.83, 69 325.09, 93 332.71, 190 325.45, 61 332.19
